function ps = rts96_ps
% TODO: ps.mac, ps.shunt, ps.exc, ps.gov

ps.casename = 'rts96';

ps.baseMVA = 100.000000;

ps.bus = [...
%ID type Pd Qd Gs Bs area Vmag Vang basekV zone Vmax Vmin lam_P lam_Q mu_Vx mu_Vn locX locY delta_sys 
101	2	108	22	0	0	1	1.0204	0			138	1	1.2	0.8 0 0 0 0 0 0 0;
102	2	97	20	0	0	1	1.01962	-0.07478	138	1	1.2	0.8 0 0 0 0 0 0 0;
103	1	180	37	0	0	1	0.98699	2.01614		138	1	1.2	0.8 0 0 0 0 0 0 0;
104	1	74	15	0	0	1	0.99298	-1.75632	138	1	1.2	0.8 0 0 0 0 0 0 0;
105	1	71	14	0	0	1	1.00914	-2.09578	138	1	1.2	0.8 0 0 0 0 0 0 0;
106	1	136	28	0	0	1	1.03	-4.45576	138	1	1.2	0.8 0 0 0 0 0 0 0;
107	2	125	25	0	0	1	1.02262	-2.1187		138	1	1.2	0.8 0 0 0 0 0 0 0;
108	1	171	35	0	0	1	0.9911	-4.46072	138	1	1.2	0.8 0 0 0 0 0 0 0;
109	1	175	36	0	0	1	1.0052	1.07016		138	1	1.2	0.8 0 0 0 0 0 0 0;
110	1	195	40	0	0	1	1.02449	-0.94884	138	1	1.2	0.8 0 0 0 0 0 0 0;
111	1	0	0	0	0	1	1.00961	7.17923		230	1	1.2	0.8 0 0 0 0 0 0 0;
112	1	0	0	0	0	1	1.00148	8.19774		230	1	1.2	0.8 0 0 0 0 0 0 0;
113	3	265	54	0	0	1	1.03	11.32197	230	1	1.2	0.8 0 0 0 0 0 0 0;
114	2	194	39	0	0	1	1.02886	10.29079	230	1	1.2	0.8 0 0 0 0 0 0 0;
115	2	317	64	0	0	1	1.02322	17.9703		230	1	1.2	0.8 0 0 0 0 0 0 0;
116	2	100	20	0	0	1	1.02736	17.52027	230	1	1.2	0.8 0 0 0 0 0 0 0;
117	1	0	0	0	0	1	1.02869	21.65746	230	1	1.2	0.8 0 0 0 0 0 0 0;
118	2	333	68	0	0	1	1.03	22.88942	230	1	1.2	0.8 0 0 0 0 0 0 0;
119	1	181	37	0	0	1	1.02036	16.93941	230	1	1.2	0.8 0 0 0 0 0 0 0;
120	1	128	26	0	0	1	1.02426	18.36855	230	1	1.2	0.8 0 0 0 0 0 0 0;
121	2	0	0	0	0	1	1.03	23.53048	230	1	1.2	0.8 0 0 0 0 0 0 0;
122	2	0	0	0	0	1	1.03	29.55401	230	1	1.2	0.8 0 0 0 0 0 0 0;
123	2	0	0	0	0	1	1.03	19.88213	230	1	1.2	0.8 0 0 0 0 0 0 0;
124	1	0	0	0	0	1	0.98981	12.12555	230	1	1.2	0.8 0 0 0 0 0 0 0;
201	2	108	22	0	0	1	1.02847	-2.3483		138	1	1.2	0.8 0 0 0 0 0 0 0;
202	2	97	20	0	0	1	1.02769	-2.41573	138	1	1.2	0.8 0 0 0 0 0 0 0;
203	1	180	37	0	0	1	0.99801	-0.61492	138	1	1.2	0.8 0 0 0 0 0 0 0;
204	1	74	15	0	0	1	0.99613	-3.97932	138	1	1.2	0.8 0 0 0 0 0 0 0;
205	1	71	14	0	0	1	1.01207	-4.30499	138	1	1.2	0.8 0 0 0 0 0 0 0;
206	1	136	28	0	0	1	1.03	-6.59881	138	1	1.2	0.8 0 0 0 0 0 0 0;
207	2	125	25	0	0	1	1.00294	-10.869		138	1	1.2	0.8 0 0 0 0 0 0 0;
208	1	171	35	0	0	1	0.97579	-10.45573	138	1	1.2	0.8 0 0 0 0 0 0 0;
209	1	175	36	0	0	1	1.00421	-1.07542	138	1	1.2	0.8 0 0 0 0 0 0 0;
210	1	195	40	0	0	1	1.02192	-3.03569	138	1	1.2	0.8 0 0 0 0 0 0 0;
211	1	0	0	0	0	1	1.00758	6.01193		230	1	1.2	0.8 0 0 0 0 0 0 0;
212	1	0	0	0	0	1	0.99753	7.32389		230	1	1.2	0.8 0 0 0 0 0 0 0;
213	2	265	54	0	0	1	1.03	11.48128	230	1	1.2	0.8 0 0 0 0 0 0 0;
214	2	194	39	0	0	1	1.03	8.83895		230	1	1.2	0.8 0 0 0 0 0 0 0;
215	2	317	64	0	0	1	1.02512	15.65685	230	1	1.2	0.8 0 0 0 0 0 0 0;
216	2	100	20	0	0	1	1.02868	15.80188	230	1	1.2	0.8 0 0 0 0 0 0 0;
217	1	0	0	0	0	1	1.0298	19.96028	230	1	1.2	0.8 0 0 0 0 0 0 0;
218	2	333	68	0	0	1	1.03	21.22543	230	1	1.2	0.8 0 0 0 0 0 0 0;
219	1	181	37	0	0	1	1.02083	15.8425		230	1	1.2	0.8 0 0 0 0 0 0 0;
220	1	128	26	0	0	1	1.02423	17.80528	230	1	1.2	0.8 0 0 0 0 0 0 0;
221	2	0	0	0	0	1	1.03	21.89069	230	1	1.2	0.8 0 0 0 0 0 0 0;
222	2	0	0	0	0	1	1.03	27.8915		230	1	1.2	0.8 0 0 0 0 0 0 0;
223	2	0	0	0	0	1	1.03	19.60776	230	1	1.2	0.8 0 0 0 0 0 0 0;
224	1	0	0	0	0	1	0.99454	9.64717		230	1	1.2	0.8 0 0 0 0 0 0 0;
301	2	108	22	0	0	1	1.02903	-1.56309	138	1	1.2	0.8 0 0 0 0 0 0 0;
302	2	97	20	0	0	1	1.02838	-1.65155	138	1	1.2	0.8 0 0 0 0 0 0 0;
303	1	180	37	0	0	1	0.98641	1.01689		138	1	1.2	0.8 0 0 0 0 0 0 0;
304	1	74	15	0	0	1	0.99478	-3.25518	138	1	1.2	0.8 0 0 0 0 0 0 0;
305	1	71	14	0	0	1	1.01226	-3.634		138	1	1.2	0.8 0 0 0 0 0 0 0;
306	1	136	28	0	0	1	1.03	-5.99766	138	1	1.2	0.8 0 0 0 0 0 0 0;
307	2	125	25	0	0	1	1.00234	-10.28485	138	1	1.2	0.8 0 0 0 0 0 0 0;
308	1	171	35	0	0	1	0.9747	-9.86367	138	1	1.2	0.8 0 0 0 0 0 0 0;
309	1	175	36	0	0	1	1.00124	-0.37166	138	1	1.2	0.8 0 0 0 0 0 0 0;
310	1	195	40	0	0	1	1.02174	-2.48633	138	1	1.2	0.8 0 0 0 0 0 0 0;
311	1	0	0	0	0	1	1.00734	6.55299		230	1	1.2	0.8 0 0 0 0 0 0 0;
312	1	0	0	0	0	1	0.99729	7.67315		230	1	1.2	0.8 0 0 0 0 0 0 0;
313	2	265	54	0	0	1	1.03	11.29984	230	1	1.2	0.8 0 0 0 0 0 0 0;
314	2	194	39	0	0	1	1.03	9.9159		230	1	1.2	0.8 0 0 0 0 0 0 0;
315	2	317	64	0	0	1	1.02266	17.84269	230	1	1.2	0.8 0 0 0 0 0 0 0;
316	2	100	20	0	0	1	1.02721	17.4046		230	1	1.2	0.8 0 0 0 0 0 0 0;
317	1	0	0	0	0	1	1.02867	21.43195	230	1	1.2	0.8 0 0 0 0 0 0 0;
318	2	333	68	0	0	1	1.03	22.58457	230	1	1.2	0.8 0 0 0 0 0 0 0;
319	1	181	37	0	0	1	1.02007	17.09739	230	1	1.2	0.8 0 0 0 0 0 0 0;
320	1	128	26	0	0	1	1.02392	18.76297	230	1	1.2	0.8 0 0 0 0 0 0 0;
321	2	0	0	0	0	1	1.03	23.52672	230	1	1.2	0.8 0 0 0 0 0 0 0;
322	2	0	0	0	0	1	1.03	29.46346	230	1	1.2	0.8 0 0 0 0 0 0 0;
323	2	0	0	0	0	1	1.02977	20.40468	230	1	1.2	0.8 0 0 0 0 0 0 0;
324	1	0	0	0	0	1	0.98789	11.67787	230	1	1.2	0.8 0 0 0 0 0 0 0;
325	1	0	0	0	0	1	1.03	20.66562	230	1	1.2	0.8 0 0 0 0 0 0 0;
];

